307
307
307
221
312
312
312
312
312
312
132
102
-1
599
-1
252
252
252
252
252
252
-1
227
227
227
227
227
227
-1
142
142
142
142
142
142
142
142
142
142
142
142
-1
289
289
289
289
-1
308
308
308
308
308
308
-1
579
-1
332
332
-1
491
-1
356
356
238
161
172
-1
468
217
217
118
88
-1
468
127
127
127
127
116
116
116
116
116
116
-1
599
-1
599
-1
260
260
203
203
203
203
221
205
205
221
137
-1
272
272
272
272
-1
452
276
276
276
276
-1
629
-1
461
461
461
170
170
170
170
170
152
152
152
-1
488
-1
431
281
209
220
354
220
231
241
191
169
-1
342
258
258
252
207
258
258
258
207
161
157
95
-1
412
-1
342
318
222
222
202
202
222
162
162
162
162
107
-1
584
-1
231
231
231
232
231
231
231
232
197
197
197
-1
238
238
238
223
223
175
261
175
193
193
-1
438
205
179
179
190
190
-1
276
276
320
257
259
287
271
143
102
107
-1
315
291
291
214
230
182
276
182
123
167
150
-1
429
363
272
272
279
256
-1
438
-1
365
365
294
294
-1
655
-1
655
-1
655
-1
356
304
332
227
332
112
112
112
190
190
-1
655
-1
354
292
271
240
280
271
211
280
280
152
149
126
-1
356
365
245
245
151
291
291
151
-1
375
307
249
212
212
217
-1
465
614
274
215
152
-1
337
337
337
255
255
337
164
255
164
-1
364
227
246
227
246
227
267
102
142
102
142
102
-1
636
150
150
150
150
-1
386
286
286
184
202
208
326
227
194
194
189
87
-1
122
533
533
533
122
122
133
133
133
133
133
-1
222
222
227
222
224
224
224
178
178
227
-1
543
285
250
240
225
250
180
177
177
180
151
151
-1
247
236
299
297
-1
272
272
272
272
-1
310
310
217
160
248
160
172
172
196
196
135
107
-1
447
362
204
200
200
-1
530
321
234
-1
393
584
212
-1
481
217
292
217
292
217
191
105
87
-1
179
264
264
225
259
269
269
226
222
187
187
112
-1
189
189
189
117
117
117
-1
490
305
305
-1
362
284
284
297
266
-1
342
232
294
315
-1
438
176
204
112
186
186
186
186
-1
657
296
294
294
274
179
188
115
-1
374
309
309
145
145
309
128
128
128
128
135
-1
291
291
337
291
291
264
103
87
94
94
-1
337
337
342
342
-1
354
358
263
222
222
222
202
107
108
100
-1
329
318
237
189
290
301
227
-1
457
182
182
182
182
182
182
182
182
182
182
-1
418
356
238
199
141
238
141
112
112
-1
350
318
195
187
293
186
195
-1
322
294
237
237
242
232
183
192
142
-1
636
182
182
182
182
182
182
122
-1
234
301
270
299
272
271
172
-1
568
216
216
164
231
-1
438
214
199
199
-1
416
224
289
224
289
224
112
112
172
112
112
-1
530
271
244
-1
361
482
291
281
-1
346
262
352
262
223
264
266
147
146
115
-1
364
336
117
117
286
165
165
165
165
151
151
-1
215
247
245
236
245
327
220
293
213
192
105
105
-1
393
245
245
245
245
245
192
192
192
192
192
-1
299
262
311
231
280
231
280
280
159
152
-1
344
394
266
285
180
256
-1
346
291
229
207
291
273
262
244
102
-1
530
303
303
144
144
151
151
-1
303
271
271
303
-1
247
302
276
357
254
-1
355
609
257
244
-1
364
364
227
227
227
227
227
-1
512
255
255
162
162
164
164
-1
463
237
354
237
192
200
200
102
-1
393
247
205
205
205
231
205
-1
354
354
251
279
251
279
251
161
161
161
-1
245
256
256
242
184
196
196
235
235
192
-1
500
337
246
246
-1
364
218
218
218
218
218
239
239
239
239
239
-1
461
461
268
280
268
225
176
147
147
127
127
-1
381
248
299
227
224
204
173
151
151
151
151
115
-1
353
262
287
203
190
246
261
200
218
112
112
-1
261
249
200
223
189
243
201
204
152
202
-1
627
314
417
250
182
-1
530
271
213
-1
284
284
173
252
252
191
191
217
191
179
218
179
-1
437
413
162
-1
263
263
280
316
282
284
192
165
-1
447
244
244
195
213
185
170
170
-1
207
207
207
207
-1
384
359
200
192
170
177
-1
281
281
347
278
275
245
166
117
120
-1
372
372
275
218
218
212
90
90
-1
457
368
174
215
-1
160
160
160
160
-1
354
362
302
239
238
238
-1
254
401
401
254
-1
372
421
200
200
144
-1
387
207
180
262
211
182
193
-1
490
655
-1
302
212
212
246
307
194
194
165
187
187
-1
322
322
322
322
181
181
-1
375
375
358
252
252
133
133
219
133
143
-1
217
304
303
338
216
182
251
144
180
-1
385
457
357
278
254
200
-1
393
312
112
312
192
192
-1
301
243
220
220
182
238
213
188
138
-1
463
285
196
196
167
139
125
-1
374
-1
364
314
293
209
202
209
183
183
202
183
175
-1
374
289
289
248
248
248
248
-1
393
584
133
133
133
133
133
-1
490
655
-1
258
321
412
312
272
137
135
112
112
-1
256
274
197
218
277
200
215
191
197
176
184
-1
242
200
200
200
224
283
223
167
144
169
-1
284
284
312
284
284
212
-1
372
372
296
296
228
187
-1
614
341
256
258
235
232
-1
337
337
236
213
283
292
284
213
-1
337
337
337
337
122
312
122
-1
539
354
270
143
143
143
-1
364
223
259
229
150
260
260
150
169
169
-1
222
222
267
310
310
208
218
218
209
162
125
125
-1
311
277
299
307
276
176
176
197
197
-1
393
167
206
167
206
167
167
167
206
206
167
-1
278
264
231
254
232
267
207
185
208
159
187
143
-1
306
306
278
278
313
-1
522
522
522
239
239
147
147
147
-1
292
302
261
323
252
199
216
242
152
-1
307
223
200
200
256
304
221
252
-1
326
339
332
212
199
199
-1
512
342
446
279
189
-1
319
342
297
277
294
294
-1
327
516
337
337
337
-1
262
262
250
308
354
283
197
204
133
-1
356
584
-1
323
323
304
313
208
213
252
154
112
109
-1
272
231
257
294
256
224
181
192
166
126
-1
229
239
299
256
164
221
273
193
176
-1
247
196
196
372
372
248
-1
620
303
303
-1
262
260
260
260
260
260
172
155
125
125
125
125
-1
490
-1
316
282
275
303
200
265
230
177
150
-1
492
178
129
-1
408
341
256
200
200
216
217
219
-1
263
279
321
186
201
186
184
186
184
201
186
-1
382
330
346
227
262
262
-1
242
362
274
260
226
175
167
-1
352
299
223
264
223
264
264
282
176
185
139
105
-1
357
279
279
296
214
215
218
133
-1
355
327
214
186
186
263
192
173
173
203
203
146
-1
322
386
221
308
258
192
-1
325
249
249
288
288
181
165
173
173
-1
451
312
208
208
208
208
208
222
-1
197
197
332
332
332
332
332
-1
437
312
304
278
185
196
185
199
144
144
-1
238
238
225
225
204
204
183
183
183
-1
269
269
312
269
269
312
122
-1
435
435
435
435
243
243
-1
512
525
281
239
167
-1
296
182
182
182
182
182
182
182
182
182
182
-1
353
237
279
188
190
311
251
240
167
162
-1
472
472
216
216
216
216
216
223
223
212
212
-1
296
268
268
199
348
156
156
-1
252
234
188
173
127
216
285
269
207
-1
332
369
224
251
177
223
157
140
-1
416
260
333
297
271
166
186
-1
393
260
248
252
267
280
-1
390
307
247
206
215
-1
341
412
248
347
199
204
213
204
-1
512
200
303
200
303
155
181
155
155
-1
374
239
239
284
284
188
188
-1
289
282
495
300
200
182
182
167
-1
353
285
280
211
211
117
-1
304
304
304
304
304
249
249
249
-1
238
238
281
281
-1
512
287
303
269
269
186
186
125
125
-1
243
243
256
289
200
181
200
181
221
221
-1
282
257
256
247
200
200
-1
470
304
256
187
187
-1
279
254
267
191
191
191
167
167
167
167
-1
347
292
301
196
196
201
180
-1
358
256
299
256
256
234
234
-1
393
-1
339
460
300
318
-1
288
396
307
337
229
-1
229
229
180
180
229
184
248
184
180
180
180
-1
393
216
216
216
216
216
-1
311
304
250
250
248
290
221
183
-1
393
584
-1
533
533
533
-1
530
303
303
-1
384
490
212
-1
295
337
295
-1
468
-1
552
322
270
214
322
-1
388
298
233
233
233
233
216
-1
342
357
208
211
211
-1
