311
682
682
55
386
386
386
386
386
386
603
445
-1
421
-1
332
332
332
332
332
332
-1
353
353
353
353
353
353
-1
352
352
352
350
350
350
351
351
351
358
358
358
-1
355
355
355
355
-1
333
333
333
333
333
333
-1
774
-1
651
651
-1
771
-1
710
710
519
750
294
-1
12
181
181
207
207
-1
20
745
745
745
745
745
745
745
745
745
745
-1
422
-1
441
-1
322
322
95
95
95
95
582
526
526
582
638
-1
520
520
520
520
-1
141
31
31
31
31
-1
773
-1
82
82
82
586
586
586
586
586
740
740
740
-1
924
-1
598
663
223
840
258
838
713
516
262
516
-1
575
820
820
910
553
820
820
820
553
975
963
157
-1
928
-1
964
656
173
173
173
173
173
641
641
641
641
641
-1
256
-1
409
409
409
706
409
409
409
706
706
706
706
-1
32
32
32
435
435
829
829
829
306
306
-1
62
158
855
855
734
734
-1
669
669
204
630
782
300
349
243
456
143
-1
132
47
47
883
423
206
741
206
513
250
867
-1
37
982
401
401
612
233
-1
255
-1
722
711
712
723
-1
429
-1
486
-1
428
-1
18
242
384
470
384
384
384
384
154
154
-1
485
-1
632
310
179
54
184
868
567
184
184
184
329
213
-1
261
932
381
381
923
69
69
923
-1
940
660
316
926
661
514
-1
392
541
267
816
461
-1
343
343
343
967
967
343
967
967
967
-1
448
152
152
152
152
152
3
536
536
536
536
536
-1
63
93
93
93
93
-1
543
482
482
694
837
958
958
410
649
649
533
418
-1
337
337
337
344
344
344
368
368
368
368
368
-1
987
987
677
987
646
646
646
677
677
677
-1
227
579
180
760
153
180
948
395
395
948
695
696
-1
729
373
742
190
-1
390
390
382
382
-1
85
85
167
903
939
903
142
142
856
856
156
159
-1
842
312
709
100
100
-1
458
862
528
-1
251
252
907
-1
957
99
99
99
99
99
134
584
702
-1
450
961
961
304
965
122
122
991
990
138
138
462
-1
725
725
725
724
724
724
-1
431
488
427
-1
335
935
935
985
246
-1
334
759
828
341
-1
25
640
498
83
510
510
510
510
-1
884
827
177
177
917
197
479
479
-1
60
602
602
602
602
602
974
974
974
974
974
-1
653
653
653
653
653
327
953
922
736
736
-1
561
467
71
71
-1
16
230
230
88
88
88
835
835
369
160
-1
747
830
45
224
650
733
848
-1
500
210
210
210
210
210
211
211
211
211
211
-1
870
721
668
144
195
668
195
195
195
-1
678
28
808
737
75
527
499
-1
896
905
371
371
622
854
170
590
968
-1
254
48
48
48
48
48
48
48
-1
593
398
950
283
324
280
749
-1
757
40
40
41
41
-1
17
120
806
806
-1
146
625
625
625
625
625
34
34
34
34
34
-1
451
282
87
-1
592
551
562
811
-1
535
400
174
400
444
444
707
916
161
98
-1
129
715
752
752
941
704
704
704
704
529
529
-1
786
219
319
943
319
220
634
756
359
756
94
94
-1
14
689
689
689
689
689
364
364
364
364
364
-1
77
887
899
670
185
670
185
185
172
185
-1
415
983
570
654
495
815
-1
226
716
581
46
716
523
455
523
436
-1
433
103
103
770
770
503
503
-1
566
604
565
605
-1
731
471
559
844
616
-1
260
188
124
11
-1
449
449
532
532
532
532
532
-1
320
972
972
569
569
476
476
-1
850
846
259
846
993
925
925
787
-1
15
292
10
10
10
10
10
-1
175
175
524
635
524
635
524
751
751
751
-1
833
813
813
323
394
894
894
805
805
817
-1
548
308
155
155
-1
447
615
615
615
615
615
619
619
619
619
619
-1
81
81
215
372
937
679
464
374
374
78
78
-1
505
686
9
847
949
780
744
507
507
507
507
507
-1
342
804
417
346
269
270
673
30
200
209
209
-1
680
176
114
629
609
647
912
563
685
53
-1
781
992
1
328
196
-1
475
281
279
-1
86
900
171
151
151
865
865
865
865
391
574
391
-1
758
753
89
-1
652
521
631
183
690
307
221
843
-1
938
164
164
691
496
841
873
873
-1
589
589
589
589
-1
931
860
109
877
483
643
-1
530
530
979
97
994
597
608
608
547
-1
798
798
539
577
577
478
465
465
-1
454
594
945
49
-1
568
568
573
573
-1
24
509
509
79
405
405
-1
546
825
545
826
-1
861
644
110
112
768
-1
240
0
490
606
626
361
929
-1
430
426
-1
414
859
474
623
802
698
698
583
419
419
-1
264
264
264
264
794
794
-1
241
241
998
247
247
452
452
452
452
639
-1
165
440
111
681
890
962
182
769
601
-1
297
648
397
969
73
976
-1
65
788
90
788
789
789
-1
244
954
684
684
360
274
491
477
366
-1
851
688
858
858
408
298
624
-1
257
-1
127
193
376
810
836
810
125
125
836
125
125
-1
27
620
620
362
362
362
362
-1
22
21
834
834
834
834
834
-1
487
489
-1
936
776
387
385
459
918
273
205
212
-1
326
272
671
889
674
29
595
793
404
50
784
-1
178
105
107
118
380
140
325
133
767
413
-1
845
845
845
845
845
70
-1
799
799
618
618
777
927
-1
542
909
814
796
556
518
-1
956
956
192
278
377
999
901
278
-1
336
336
336
336
345
345
345
-1
293
636
703
703
703
703
-1
128
202
42
791
504
995
995
504
915
915
-1
425
425
600
389
389
617
913
913
198
198
463
463
-1
664
658
812
610
406
697
697
701
701
-1
13
139
139
139
139
139
139
139
139
139
139
-1
506
960
864
130
986
587
587
299
667
130
137
493
-1
228
228
231
231
766
-1
237
237
237
764
764
764
764
764
-1
218
38
481
314
966
301
446
795
265
-1
708
57
113
113
44
275
52
363
-1
396
238
666
732
831
831
-1
7
779
558
150
201
-1
379
313
959
472
438
438
-1
772
772
339
339
339
-1
511
511
683
872
633
403
801
642
453
-1
61
26
-1
235
235
288
645
645
718
51
693
726
952
-1
537
399
416
892
672
763
930
564
951
199
-1
977
613
285
819
266
719
719
785
534
-1
730
268
268
189
189
621
-1
739
101
101
-1
469
74
74
74
74
74
135
588
588
588
588
588
-1
484
-1
783
746
186
119
108
216
898
705
735
-1
457
554
407
-1
863
904
823
116
116
578
72
276
-1
585
607
468
866
914
866
365
866
365
914
866
-1
315
318
662
849
317
317
-1
236
163
871
893
402
700
544
-1
980
284
434
434
434
434
434
596
5
208
512
208
-1
147
919
919
970
515
891
572
168
-1
217
39
305
187
187
522
853
571
571
571
571
944
-1
442
525
738
665
942
149
-1
148
997
997
248
248
4
727
494
494
-1
309
225
614
614
614
614
614
637
-1
191
191
383
383
383
383
383
-1
880
424
480
852
973
857
973
249
249
249
-1
560
560
971
971
517
517
517
517
517
-1
354
354
338
354
354
338
338
-1
80
80
80
80
80
80
-1
8
743
627
778
169
-1
439
388
388
388
388
388
388
388
388
388
388
-1
131
886
347
203
58
717
659
348
955
611
-1
263
263
76
76
76
76
76
550
550
946
946
-1
557
978
978
370
370
497
497
-1
222
921
492
302
303
988
881
121
194
-1
331
885
989
818
790
443
234
797
-1
687
809
214
792
214
807
375
-1
245
555
289
839
357
466
-1
145
393
775
754
356
-1
906
123
290
882
96
748
277
748
-1
6
104
104
104
104
136
136
136
136
-1
19
692
692
902
902
692
692
-1
295
162
126
378
102
981
981
761
-1
879
229
655
92
92
908
-1
287
287
287
287
287
728
728
728
-1
166
166
675
675
-1
832
330
330
271
271
91
91
714
714
-1
676
676
821
580
106
432
106
432
720
720
-1
420
473
822
996
115
115
-1
36
286
874
699
699
-1
540
934
68
68
68
68
762
762
762
762
-1
460
59
869
895
895
897
502
-1
321
824
824
43
43
531
531
-1
253
-1
878
984
876
755
-1
296
657
367
367
599
-1
2
2
888
888
2
800
800
800
888
888
888
-1
23
576
576
576
576
576
-1
549
232
947
947
291
628
56
411
-1
66
64
-1
340
340
340
-1
765
117
117
-1
933
920
875
-1
803
33
803
-1
67
-1
412
239
84
552
239
-1
538
508
437
437
437
437
437
-1
35
501
501
911
911
-1
