5000
5000
5000
5000
5000
6000
5000
6000
6000
5000
-1
500
1000
1000
1000
1000
1000
1000
1000
1000
-1
4050
3000
4000
4000
3000
3600
4000
4000
4000
4000
3000
-1
1000
1000
1000
500
1000
1000
500
-1
17567
-1
1000
950
1000
1000
2000
2000
2000
2000
2000
2000
2000
2000
-1
1000
1000
500
1000
1000
200
1000
1000
1000
-1
2000
1000
2000
1500
1500
1000
1000
1000
2000
-1
4050
4000
5000
5000
5000
5000
5000
5000
5000
4000
-1
4050
3000
3030
4000
4000
4000
3000
3000
4000
4000
-1
550
1000
1000
1000
500
1000
1000
1000
-1
3550
3333
3333
3333
3333
3333
3333
2500
2800
3000
3000
-1
10000
10000
10000
10000
10000
10000
10000
10000
10000
-1
300
1000
1000
1000
1000
1000
1000
-1
500
1000
1000
1000
1000
1000
1000
1000
1000
1000
1000
1000
-1
1000
1000
1000
1000
1000
1000
2000
2000
2000
2000
-1
500
500
1000
1000
1000
-1
1100
1000
1000
500
1000
1000
1000
1000
1000
1000
1000
-1
1000
1000
1000
1500
-1
200
1000
1005
1000
1000
1000
1000
500
-1
1000
1250
1250
1250
1250
-1
1000
1000
1000
1000
500
1000
1000
-1
1000
2000
2000
1000
2000
2000
1000
2000
2000
-1
500
1100
1507
1507
1000
1500
1500
1500
1000
1000
500
1500
-1
300
1000
1333
1333
1333
1333
1333
1333
1000
1000
1100
1100
-1
1100
1666
1666
1666
2000
1666
1666
1666
2000
1000
2000
1000
-1
500
1500
1000
1000
1500
1000
1000
500
1000
1000
1224
1224
-1
120
1000
1000
1000
1000
1000
1000
1000
500
500
1000
-1
200
1250
1250
1250
1250
1250
1250
1250
1250
1000
1000
-1
168
1250
1250
1250
1250
1000
1000
1000
1000
1000
600
-1
1000
1000
2000
2000
2000
-1
300
1000
1000
1000
1000
1000
-1
500
1500
1500
1000
1000
1000
500
500
1275
1275
1275
1275
-1
150
1166
1200
1200
1166
1200
1166
1166
1166
1200
1166
1200
-1
