560
160
102
189
107
255
198
102
102
132
-1
792
133
133
133
127
127
127
105
105
-1
655
215
114
169
164
122
169
169
169
169
166
-1
490
490
267
217
303
200
205
-1
704
-1
592
115
199
188
164
220
127
127
127
127
127
126
-1
524
346
100
117
87
347
179
224
209
-1
432
185
241
220
200
193
225
222
134
-1
655
280
212
102
212
159
159
159
159
133
-1
532
261
122
152
152
207
176
199
127
127
-1
543
207
191
191
137
151
151
127
-1
655
183
143
143
183
143
183
197
227
167
122
-1
598
375
174
141
141
141
141
141
141
-1
832
144
144
230
230
212
212
-1
383
226
226
95
252
175
175
180
180
182
209
181
-1
352
231
112
178
214
160
201
214
195
155
-1
747
132
232
232
309
-1
584
187
187
222
178
225
226
129
185
183
135
-1
739
182
224
169
-1
584
195
231
188
197
202
208
174
-1
732
187
187
187
187
-1
679
181
181
138
211
243
243
-1
626
284
284
368
284
270
135
99
94
-1
773
197
197
197
165
112
112
112
166
166
147
312
-1
415
188
112
112
112
112
112
112
144
214
190
190
-1
584
160
160
160
187
197
197
197
206
167
266
200
-1
636
186
166
166
186
200
200
236
160
160
312
312
-1
584
243
159
243
159
243
243
243
183
196
189
-1
584
207
187
207
187
207
207
207
207
352
352
-1
792
189
189
189
189
210
187
187
150
151
88
-1
387
463
247
303
495
-1
832
117
214
214
270
270
-1
646
299
299
227
227
214
218
102
167
167
167
167
-1
584
216
136
136
216
136
216
216
216
136
161
136
-1
