0
698
560
669
562
0
255
453
555
657
-1
0
795
795
795
0
127
254
381
486
-1
0
773
655
819
655
697
0
169
338
507
822
-1
0
490
0
771
468
267
467
-1
0
-1
0
793
594
605
0
164
384
781
654
527
164
291
-1
0
642
542
525
555
0
347
764
555
-1
0
673
432
432
658
432
633
0
222
-1
0
708
776
655
776
0
159
318
477
636
-1
0
657
532
766
532
711
535
0
408
281
-1
0
781
543
543
851
543
694
861
-1
0
805
655
655
805
662
0
183
380
821
380
-1
0
603
0
174
315
456
174
315
456
-1
0
834
834
0
230
460
672
-1
0
762
536
383
736
561
386
808
628
446
0
209
-1
0
697
585
352
714
554
352
714
352
547
-1
0
756
0
232
464
-1
0
801
614
766
588
0
225
451
803
620
316
-1
0
786
744
799
-1
0
623
587
0
188
385
610
436
-1
0
732
732
732
732
-1
0
687
687
730
0
211
454
-1
0
684
684
0
368
698
368
503
602
-1
0
781
781
0
197
362
474
586
812
0
166
313
-1
0
760
415
527
639
836
724
612
468
0
214
422
-1
0
808
648
808
621
0
197
394
591
801
0
266
-1
0
802
636
636
802
0
200
400
636
828
0
312
-1
0
745
584
745
584
745
0
243
486
792
0
-1
0
771
584
771
584
771
0
207
414
626
0
-1
0
799
799
0
189
378
588
801
651
500
412
-1
0
475
691
388
0
-1
0
851
0
214
428
698
-1
0
689
689
0
227
454
770
668
501
0
167
334
-1
0
732
584
584
732
584
732
0
216
432
568
729
-1
0
697
694
0
207
414
703
703
0
155
310
465
-1
0
0
183
-1
0
785
584
785
628
0
203
406
826
563
-1
0
0
178
744
520
-1
0
610
0
397
-1
0
695
383
549
383
530
679
679
383
529
690
0
-1
0
758
764
832
0
109
345
581
-1
0
758
636
758
0
230
477
814
727
579
0
-1
0
0
132
409
686
-1
0
866
0
222
766
554
-1
0
765
582
765
582
0
269
637
452
301
-1
0
683
683
0
235
470
697
-1
0
378
533
533
378
533
378
533
-1
0
811
383
587
383
560
800
613
426
811
0
167
-1
0
671
532
712
747
532
747
0
135
336
556
-1
0
606
0
454
339
0
115
267
425
-1
0
671
468
468
671
0
358
-1
0
800
802
0
216
424
663
841
424
224
-1
0
674
431
674
436
0
314
706
-1
0
762
584
770
591
0
219
438
806
666
-1
0
740
584
584
740
584
584
740
0
227
438
576
-1
0
784
785
785
0
231
413
595
-1
0
772
584
584
772
0
196
411
553
844
720
249
-1
0
790
565
565
741
741
0
168
380
548
800
-1
0
739
739
795
0
186
-1
0
636
0
257
746
514
-1
0
697
697
697
767
-1
0
782
782
0
183
366
564
564
771
411
0
153
-1
0
788
655
788
681
0
220
420
820
652
448
271
-1
0
584
596
0
187
363
640
-1
0
795
873
0
642
188
371
-1
0
772
871
764
871
764
0
199
398
597
779
-1
0
745
552
539
774
0
200
400
600
766
0
188
-1
0
818
747
747
0
-1
0
768
588
768
601
0
143
286
429
810
594
-1
0
748
748
0
147
387
771
629
-1
0
742
839
690
690
839
815
-1
0
707
532
778
532
532
759
0
163
326
-1
0
666
412
777
576
0
240
-1
0
305
502
699
305
771
584
771
584
305
492
-1
0
684
684
-1
0
378
-1
0
657
732
585
585
0
170
317
761
614
467
320
-1
0
778
578
778
578
0
238
430
706
570
-1
0
700
537
689
537
689
0
211
422
-1
0
-1
0
758
528
383
383
742
546
785
582
418
0
200
-1
0
647
647
688
0
220
454
220
396
518
786
664
-1
0
753
532
795
532
795
612
0
204
408
-1
0
641
651
0
217
434
651
-1
0
866
0
174
348
522
696
-1
0
777
584
835
682
0
153
306
493
853
741
498
-1
0
743
0
267
504
791
481
-1
0
636
636
636
636
0
112
300
474
787
698
-1
0
708
771
621
0
217
434
621
782
650
0
132
-1
0
356
-1
0
-1
0
-1
0
-1
0
-1
-1
0
-1
0
-1
0
-1
0
-1
0
785
582
785
582
785
582
0
173
346
-1
0
703
438
704
464
0
240
709
424
-1
0
282
738
738
282
-1
0
626
435
739
490
0
212
-1
0
387
779
786
0
220
570
-1
0
626
343
769
0
209
512
-1
0
661
312
673
0
238
460
697
-1
0
290
724
724
0
239
478
478
704
0
216
-1
0
358
741
719
0
507
308
-1
0
620
0
308
662
0
625
284
-1
0
303
606
0
659
303
303
-1
0
92
184
276
0
92
184
276
0
92
184
276
-1
0
456
646
429
0
646
0
-1
0
573
347
573
0
285
-1
0
651
344
651
344
0
616
293
-1
0
557
624
0
267
-1
0
699
440
723
434
0
226
-1
0
708
438
0
778
511
270
-1
0
596
349
349
562
-1
0
585
639
439
0
200
-1
0
734
480
734
480
0
254
734
471
-1
0
571
282
645
282
-1
0
686
359
359
705
0
283
-1
0
666
364
0
764
560
309
-1
0
592
296
592
296
0
-1
0
626
362
720
0
483
246
-1
0
572
302
707
486
0
241
-1
0
406
611
357
0
665
-1
0
631
337
631
0
276
-1
0
393
792
0
281
520
788
557
-1
0
297
594
0
274
726
491
-1
0
648
397
726
458
0
212
-1
0
675
372
702
463
0
239
739
500
0
220
-1
0
591
299
774
530
299
-1
0
538
0
330
601
0
601
334
-1
0
280
567
581
0
271
-1
0
673
368
673
368
0
673
368
0
-1
0
706
482
482
0
714
-1
0
654
350
654
308
0
207
612
-1
0
606
352
691
414
0
691
-1
0
754
458
472
0
282
-1
0
653
435
653
0
288
-1
0
349
703
0
325
-1
0
685
442
297
0
303
574
-1
0
699
429
391
0
-1
0
517
0
433
0
433
-1
0
679
420
405
0
635
377
0
-1
0
621
308
763
510
0
253
-1
0
531
284
531
-1
0
311
622
0
211
746
540
-1
0
492
604
0
334
639
-1
0
478
0
311
635
675
-1
0
271
486
701
701
0
199
411
734
-1
0
717
477
0
188
723
459
-1
0
591
326
591
349
0
-1
0
718
511
0
215
717
509
-1
0
267
749
537
0
239
478
717
-1
0
631
373
649
390
0
-1
0
743
518
293
0
262
588
-1
0
533
0
299
519
-1
0
745
502
306
0
745
502
299
0
-1
0
531
0
722
468
-1
0
566
594
0
354
-1
0
334
719
0
312
685
-1
0
591
371
604
388
0
-1
0
605
330
669
383
0
-1
0
690
481
0
769
288
560
-1
0
718
506
477
0
270
718
-1
0
347
741
0
222
477
762
507
252
-1
0
645
367
645
429
0
207
-1
0
421
421
0
639
325
-1
0
523
631
0
272
-1
0
452
0
223
764
223
-1
0
640
455
659
0
283
-1
0
611
327
713
0
235
470
-1
0
731
444
481
0
231
-1
0
275
674
552
0
269
677
0
-1
0
453
0
638
438
-1
0
655
463
0
735
491
-1
0
551
299
721
408
-1
0
417
753
0
248
496
751
0
237
474
721
-1
0
691
377
477
0
259
691
-1
0
233
466
702
701
0
337
-1
0
708
351
351
0
697
404
-1
0
586
346
725
506
0
215
-1
0
258
516
778
0
258
561
781
274
-1
0
520
295
565
277
0
-1
0
551
353
597
390
0
-1
0
516
765
0
516
728
-1
0
512
687
464
0
269
-1
0
339
0
-1
0
633
315
713
522
0
251
-1
0
552
633
0
315
-1
0
387
777
0
387
767
-1
0
631
426
689
0
215
-1
0
427
754
0
452
-1
0
567
360
585
0
303
-1
0
584
372
584
372
-1
0
454
0
528
299
-1
0
685
422
422
0
350
715
-1
0
591
330
695
0
297
-1
0
451
451
0
0
0
416
-1
0
636
420
420
0
-1
0
-1
