0
0
0
263
272
463
463
463
471
485
-1
0
0
219
438
539
539
539
539
539
-1
0
0
0
194
194
317
378
378
378
378
435
-1
0
0
376
376
376
376
576
-1
0
-1
0
0
0
225
339
339
339
438
438
438
491
511
-1
0
0
0
186
305
346
346
524
524
-1
0
0
0
186
244
386
464
481
481
-1
0
0
164
164
371
378
378
378
378
378
-1
0
0
0
181
182
461
462
490
490
490
-1
0
0
0
211
234
422
422
501
-1
0
0
0
188
269
376
378
378
378
538
556
-1
0
0
375
375
375
375
487
487
487
-1
0
0
214
468
468
468
468
-1
0
0
0
0
216
216
216
399
399
399
512
512
-1
0
0
0
0
172
172
219
354
401
402
-1
0
0
512
512
512
-1
0
0
0
250
250
356
356
356
452
463
541
-1
0
0
245
437
-1
0
0
245
393
393
393
450
500
-1
0
0
152
304
456
-1
0
0
223
446
470
470
470
-1
0
0
220
301
301
440
521
521
521
-1
0
0
227
247
247
247
247
247
434
454
489
559
-1
0
0
0
0
0
215
332
332
332
500
500
546
-1
0
0
0
263
263
356
356
356
470
526
548
548
-1
0
0
0
195
218
354
354
354
390
436
553
553
-1
0
0
0
192
213
384
393
393
426
576
585
-1
0
0
0
187
207
374
393
393
414
561
580
-1
0
0
226
374
374
374
374
452
541
546
546
-1
0
0
346
346
546
-1
0
0
468
468
468
468
-1
0
0
256
288
288
288
512
512
558
560
560
560
-1
0
0
0
135
161
270
322
393
393
393
405
483
-1
